 176 
 544 
 600 
 248 
 240 
 660 
 252 
 480 
 452 
 932 
 180 
 280 
 284 
 288 
 1280 
 280 
 460 
 264 
 344 
 560 
 340 
 968 
 404 
 308 
 1032 
 376 
 492 
 276 
 580 
 1160 
 276 
 284 
 428 
 592 
 260 
 548 
 268 
 336 
 256 
 556 
 612 
 428 
 408 
 708 
 244 
 236 
 268 
 308 
 276 
 304 
 348 
 472 
 752 
 348 
 448 
 456 
 460 
 408 
 440 
 464 
 156 
 292 
 268 
 224 
 532 
 280 
 504 
 364 
 456 
 460 
 292 
 188 
 456 
 600 
 304 
 464 
 288 
 308 
 464 
 412 
 544 
 392 
 476 
 532 
 592 
 560 
 196 
 312 
 156 
 548 
 316 
 480 
 252 
 292 
 528 
 280 
 408 
 284 
 488 
 264 
 468 
 272 
 288 
 300 
 436 
 1244 
 460 
 296 
 1004 
 152 
 280 
 472 
 260 
 440 
 428 
 424 
 432 
 272 
 284 
 276 
 280 
 548 
 464 
 428 
 544 
 284 
 464 
 288 
 236 
 280 
 524 
 232 
 292 
 160 
 892 
 524 
 68 
 328 
 360 
 408 
 756 
 288 
 236 
 576 
 368 
 408 
 448 
 496 
 196 
 268 
 252 
 640 
 480 
 444 
 452 
 280 
 292 
 276 
 276 
 168 
 552 
 416 
 448 
 308 
 496 
 284 
 280 
 288 
 524 
 276 
 540 
 248 
 320 
 472 
 388 
 424 
 468 
 892 
 444 
 532 
 288 
 160 
 236 
 276 
 216 
 280 
 152 
 1016 
 548 
 204 
 532 
 352 
 276 
 388 
 280 
 400 
 300 
 272 
 452 
 288 
 272 
 264 
 276 
 148 
 292 
 312 
 1000 
 436 
 284 
 292 
 288 
 356 
 548 
 492 
 464 
 320 
 904 
 764 
 468 
 276 
 436 
 1060 
 440 
 468 
 160 
 276 
 268 
 608 
 288 
 660 
 300 
 284 
 272 
 524 
 1056 
 1172 
 444 
 280 
 1040 
 348 
 292 
 524 
 640 
 1180 
 320 
 240 
 408 
 264 
 288 
 148 
 864 
 260 
 524 
 1340 
 268 
 908 
 416 
 472 
 600 
 572 
 464 
 276 
 268 
 280 
 540 
 288 
 284 
 512 
 444 
 720 
 1240 
 248 
 428 
 544 
 508 
 632 
 124 
 164 
 276 
 516 
 320 
 500 
 308 
 564 
 512 
 440 
 288 
 276 
 288 
 304 
 1092 
 980 
 572 
 268 
 540 
 488 
 308 
 912 
 224 
 584 
 304 
 468 
 268 
 388 
 440 
 1124 
 892 
 272 
 600 
 144 
 268 
 268 
 296 
 1312 
 208 
 476 
 1056 
 476 
 660 
 936 
 492 
 164 
 260 
 412 
 504 
 228 
 416 
 448 
 564 
 464 
 276 
 260 
 468 
 212 
 308 
 516 
 380 
 292 
 144 
 288 
 296 
 468 
 536 
 272 
 448 
 412 
 272 
 460 
 200 
 320 
 276 
 980 
 288 
 552 
 392 
 488 
 456 
 276 
 412 
 460 
 304 
 424 
 320 
 488 
 476 
 396 
 272 
 272 
 556 
 304 
 536 
 276 
 480 
 296 
 292 
 576 
 264 
 468 
 448 
 276 
 1040 
 264 
 460 
 240 
 964 
 280 
 288 
 240 
 432 
 288 
 484 
 932 
 400 
 280 
 652 
 456 
 160 
 948 
 544 
 284 
 428 
 576 
 268 
 260 
 272 
 152 
 520 
 472 
 256 
 260 
 288 
 716 
 476 
 280 
 308 
 264 
 276 
 292 
 988 
 272 
 276 
 860 
 248 
 280 
 280 
 444 
 288 
 288 
 260 
 284 
 548 
 284 
 436 
 220 
 276 
 260 
 396 
 492 
 304 
 260 
 824 
 280 
 492 
 496 
 572 
 256 
 792 
 328 
 568 
 280 
 276 
 564 
 456 
 460 
 312 
 408 
 292 
 260 
 448 
 284 
 284 
 476 
 1036 
 272 
 276 
 284 
 276 
 260 
 544 
 504 
 700 
 376 
 580 
 344 
 520 
 544 
 268 
 288 
 1244 
 164 
 284 
 544 
 280 
 620 
 984 
 440 
 196 
 560 
 160 
 276 
 280 
 536 
 276 
 164 
 876 
 544 
 416 
 292 
 2272 
 432 
 896 
 992 
 280 
 484 
 512 
 284 
 416 
 184 
 284 
 648 
 608 
 456 
 276 
 664 
 288 
 256 
 292 
 316 
 504 
 192 
 676 
 816 
 988 
 284 
 428 
 576 
 228 
 280 
 140 
 360 
 304 
 192 
 528 
 284 
 276 
 476 
 292 
 480 
 884 
 264 
 1072 
 292 
 452 
 276 
 284 
 272 
 272 
 276 
 124 
 300 
 304 
 284 
 592 
 284 
 484 
 540 
 492 
 472 
 248 
 540 
 272 
 860 
 312 
 432 
 1024 
 328 
 508 
 164 
 1032 
 748 
 280 
 504 
 276 
 872 
 292 
 280 
 572 
 272 
 244 
 264 
 296 
 452 
 492 
 272 
 212 
 968 
 620 
 276 
 268 
 452 
 424 
 160 
 264 
 264 
 288 
 536 
 280 
 252 
 300 
 884 
 428 
 276 
 196 
 272 
 284 
 544 
 292 
 544 
 284 
 944 
 276 
 440 
 272 
 292 
 552 
 512 
 476 
 224 
 440 
 516 
 288 
 608 
 280 
 280 
 708 
 296 
 420 
 220 
 272 
 1012 
 468 
 424 
 260 
 456 
 552 
 256 
 276 
 516 
 496 
 316 
 324 
 448 
 412 
 664 
 324 
 304 
 340 
 464 
 1264 
 544 
 284 
 588 
 340 
 460 
 524 
 528 
 264 
 988 
 312 
 104 
 568 
 276 
 468 
 252 
 280 
 684 
 360 
 468 
 304 
 508 
 596 
 280 
 272 
 500 
 236 
 316 
 724 
 460 
 152 
 336 
 340 
 260 
 272 
 272 
 240 
 288 
 264 
 320 
 456 
 452 
 272 
 292 
 580 
 176 
 276 
 284 
 504 
 492 
 284 
 544 
 220 
 448 
 288 
 312 
 336 
 232 
 284 
 544 
 420 
 320 
 552 
 408 
 348 
 316 
 480 
 460 
 424 
 292 
 268 
 276 
 256 
 776 
 256 
 100 
 536 
 584 
 436 
 264 
 496 
 232 
 484 
 456 
 276 
 224 
 284 
 216 
 300 
 992 
 972 
 400 
 1296 
 288 
 756 
 284 
 688 
 280 
 460 
 616 
 964 
 456 
 284 
 140 
 416 
 128 
 1020 
 496 
 168 
 388 
 376 
 444 
 504 
 608 
 268 
 292 
 468 
 284 
 452 
 208 
 340 
 428 
 312 
 280 
 328 
 376 
 288 
 260 
 380 
 276 
 324 
 376 
 292 
 592 
 468 
 1152 
 484 
 348 
 956 
 156 
 464 
 864 
 424 
 540 
 400 
 536 
 272 
 272 
 456 
 272 
 324 
 316 
 532 
 460 
 464 
 420 
 252 
 268 
 172 
 520 
 276 
 536 
 716 
 384 
 236 
 564 
 328 
 256 
 312 
 424 
 384 
 276 
 528 
 420 
 656 
 416 
 308 
 280 
 460 
 220 
 1128 
 480 
 288 
 280 
 892 
 252 
 460 
 548 
 476 
 440 
 260 
 576 
 404 
 272 
 276 
 324 
 316 
 284 
 404 
 280 
 288 
 464 
 976 
 220 
 280 
 300 
 604 
 620 
 284 
 204 
 272 
 248 
 188 
 380 
 320 
 472 
 492 
 292 
 292 
 288 
 456 
 536 
 532 
 540 
 432 
 472 
 508 
 460 
 268 
 412 
 628 
 144 
 456 
 272 
 528 
 148 
 608 
 464 
 460 
 136 
 268 
 308 
 416 
 264 
 272 
 288 
 284 
 256 
 244 
 560 
 280 
 984 
 440 
 272 
 492 
 540 
 284 
 252 
 444 
 316 
 284 
 280 
 312 
 268 
 540 
 624 
 668 
 144 
 644 
 268 
 200 
 272 
 284 
 284 
 540 
 288 
 232 
 464 
 288 
 556 
 268 
 228 
 448 
 800 
 296 
 400 
 436 
 320 
 264 
 276 
 100 
 284 
 272 
 484 
 268 
 536 
 996 
 248 
 448 
 448 
 480 
 152 
 232 
 568 
 136 
 316 
 284 
 144 
 244 
 284 
 564 
 496 
 296 
 192 
 268 
 444 
 420 
 160 
 556 
 260 
 444 
 640 
 260 
 580 
 316 
 316 
 424 
 264 
 292 
 288 
 228 
 236 
 396 
 288 
 280 
 124 
 272 
 560 
 288 
 288 
 516 
 288 
 276 
 412 
 280 
 476 
 272 
 316 
 264 
 304 
 288 
 256 
 236 
 280 
 288 
 456 
 304 
 288 
 560 
 460 
 244 
 288 
 236 
 272 
 280 
 860 
 560 
 332 
 288 
 320 
 148 
 472 
 420 
 280 
 672 
 468 
 452 
 276 
 276 
 468 
 432 
 292 
 268 
 968 
 264 
 308 
 284 
 284 
 608 
 264 
 460 
 276 
 120 
 460 
 520 
 264 
 404 
 308 
 160 
 244 
 272 
 296 
 452 
 280 
 156 
 408 
 264 
 1000 
 288 
 288 
 240 
 156 
 284 
 288 
 276 
 336 
 292 
 452 
 284 
 452 
 964 
 268 
 280 
 576 
 128 
 304 
 316 
 528 
 308 
 272 
 272 
 288 
 484 
 456 
 336 
 280 
 328 
 280 
 276 
 272 
 616 
 188 
 264 
 564 
 1260 
 276 
 288 
 276 
 292 
 264 
 420 
 284 
 460 
 280 
 636 
 468 
 672 
 460 
 248 
 612 
 280 
 404 
 436 
 160 
 292 
 128 
 396 
 268 
 240 
 476 
 284 
 280 
 228 
 320 
 556 
 444 
 332 
 300 
 352 
 420 
 472 
 280 
 280 
 436 
 284 
 240 
 252 
 308 
 484 
 580 
 268 
 140 
 404 
 248 
 156 
 260 
 444 
 264 
 156 
 292 
 264 
 1460 
 280 
 236 
 460 
 572 
 272 
 264 
 280 
 324 
 476 
 284 
 300 
 540 
 320 
 612 
 268 
 260 
 392 
 288 
 352 
 288 
 928 
 308 
 156 
 280 
 424 
 280 
 152 
 144 
 156 
 424 
 168 
 596 
 196 
 272 
 452 
 144 
 484 
 276 
 292 
 308 
 272 
 312 
 276 
 276 
 512 
 236 
 476 
 276 
 288 
 276 
 272 
 276 
 280 
 468 
 424 
 284 
 240 
 324 
 156 
 140 
 224 
 260 
 296 
 440 
 312 
 292 
 224 
 252 
 968 
 260 
 500 
 588 
 504 
 264 
 280 
 284 
 272 
 284 
 540 
 232 
 448 
 284 
 280 
 972 
 324 
 304 
 672 
 416 
 560 
 124 
 288 
 512 
 280 
 284 
 248 
 168 
 264 
 288 
 460 
 452 
 280 
 520 
 288 
 476 
 280 
 272 
 396 
 476 
 280 
 276 
 476 
 280 
 520 
 276 
 212 
 652 
 280 
 300 
 240 
 516 
 460 
 588 
 284 
 288 
 936 
 276 
 656 
 504 
 452 
 464 
 560 
 612 
 156 
 492 
 428 
 268 
 416 
 460 
 312 
 320 
 640 
 288 
 276 
 272 
 240 
 192 
 284 
 300 
 236 
 580 
 124 
 276 
 268 
 416 
 404 
 200 
 560 
 272 
 292 
 252 
 164 
 860 
 292 
 280 
 276 
 432 
 236 
 228 
 284 
 524 
 152 
 1156 
 280 
 536 
 268 
 268 
 324 
 304 
 292 
 112 
 612 
 280 
 256 
 540 
 340 
 684 
 1636 
 292 
 548 
 276 
 452 
 280 
 544 
 300 
 552 
 572 
 296 
 308 
 496 
 260 
 272 
 472 
 312 
 256 
 464 
 188 
 476 
 560 
 248 
 284 
 480 
 1060 
 276 
 272 
 152 
 464 
 288 
 220 
 288 
 268 
 268 
 504 
 272 
 236 
 488 
 292 
 492 
 136 
 432 
 532 
 468 
 916 
 276 
 276 
 220 
 268 
 216 
 424 
 248 
 312 
 532 
 280 
 452 
 720 
 236 
 496 
 604 
 228 
 392 
 272 
 276 
 588 
 680 
 304 
 328 
 496 
 288 
 268 
 448 
 288 
 264 
 304 
 284 
 268 
 464 
 280 
 292 
 308 
 244 
 280 
 276 
 912 
 464 
 492 
 280 
 432 
 508 
 460 
 536 
 452 
 536 
 292 
 276 
 488 
 468 
 204 
 268 
 524 
 276 
 256 
 228 
 280 
 276 
 288 
 280 
 232 
 284 
 320 
 460 
 572 
 268 
 652 
 212 
 288 
 428 
 264 
 272 
 280 
 268 
 276 
 280 
 320 
 272 
 284 
 280 
 276 
 188 
 480 
 452 
 316 
 268 
 164 
 152 
 340 
 308 
 888 
 272 
 316 
 280 
 228 
 704 
 280 
 288 
 460 
 316 
 272 
 424 
 312 
 204 
 436 
 352 
 264 
 148 
 288 
 260 
 288 
 288 
 276 
 284 
 284 
 672 
 504 
 308 
 284 
 224 
 276 
 340 
 1004 
 500 
 264 
 280 
 232 
 296 
 320 
 288 
 484 
 304 
 268 
 260 
 260 
 460 
 272 
 256 
 928 
 464 
 256 
 236 
 308 
 284 
 120 
 252 
 520 
 284 
 312 
 284 
 296 
 448 
 476 
 260 
 280 
 424 
 264 
 228 
 432 
 308 
 288 
 468 
 264 
 524 
 308 
 552 
 264 
 280 
 268 
 448 
 856 
 228 
 436 
 572 
 264 
 156 
 264 
 416 
 460 
 1064 
 484 
 276 
 544 
 268 
 276 
 512 
 456 
 460 
 572 
 348 
 288 
 280 
 96 
 292 
 528 
 352 
 276 
 476 
 276 
 408 
 272 
 264 
 220 
 268 
 296 
 456 
 460 
 196 
 264 
 276 
 268 
 260 
 416 
 284 
 236 
 240 
 468 
 296 
 320 
 424 
 356 
 292 
 660 
 288 
 576 
 312 
 472 
 292 
 280 
 280 
 616 
 268 
 144 
 280 
 532 
 292 
 520 
 276 
 256 
 288 
 468 
 276 
 296 
 420 
 328 
 248 
 284 
 280 
 264 
 476 
 280 
 240 
 268 
 184 
 564 
 272 
 292 
 444 
 416 
 1120 
 272 
 264 
 284 
 488 
 476 
 1260 
 280 
 280 
 268 
 452 
 284 
 280 
 156 
 580 
 476 
 276 
 288 
 280 
 300 
 232 
 412 
 256 
 292 
 316 
 460 
 264 
 264 
 216 
 856 
 288 
 272 
 292 
 1256 
 312 
 284 
 476 
 264 
 500 
 472 
 268 
 192 
 272 
 440 
 292 
 284 
 280 
 268 
 480 
 688 
 160 
 276 
 296 
 472 
 268 
 140 
 260 
 236 
 156 
 432 
 324 
 572 
 540 
 1220 
 496 
 284 
 300 
 464 
 164 
 544 
 300 
 536 
 248 
 552 
 1360 
 280 
 268 
 364 
 180 
 240 
 236 
 328 
 268 
 312 
 296 
 276 
 304 
 264 
 268 
 156 
 256 
 408 
 652 
 204 
 276 
 456 
 380 
 140 
 272 
 244 
 316 
 276 
 308 
 644 
 412 
 180 
 276 
 288 
 280 
 456 
 268 
 300 
 312 
 296 
 276 
 276 
 288 
 276 
 404 
 320 
 848 
 296 
 260 
 280 
 260 
 500 
 264 
 280 
 264 
 336 
 472 
 208 
 372 
 436 
 620 
 508 
 308 
 480 
 284 
 444 
 308 
 284 
 512 
 692 
 436 
 428 
 108 
 272 
 268 
 584 
 428 
 456 
 156 
 280 
 472 
 324 
 276 
 276 
 424 
 272 
 380 
 528 
 280 
 304 
 264 
 148 
 280 
 280 
 276 
 280 
 468 
 260 
 304 
 248 
 588 
 896 
 300 
 516 
 288 
 552 
 124 
 260 
 280 
 580 
 284 
 164 
 468 
 256 
 284 
 416 
 292 
 284 
 248 
 64 
 528 
 280 
 284 
 276 
 464 
 280 
 288 
 408 
 248 
 216 
 320 
 652 
 256 
 724 
 412 
 268 
 272 
 248 
 732 
 220 
 876 
 280 
 272 
 284 
 524 
 268 
 264 
 272 
 268 
 304 
 292 
 304 
 284 
 216 
 268 
 280 
 276 
 244 
 240 
 288 
 268 
 308 
 264 
 572 
 284 
 648 
 232 
 288 
 284 
 276 
 1416 
 308 
 220 
 324 
 272 
 160 
 260 
 312 
 472 
 284 
 296 
 288 
 276 
 272 
 276 
 264 
 452 
 272 
 140 
 468 
 456 
 428 
 128 
 484 
 284 
 480 
 220 
 276 
 444 
 480 
 524 
 712 
 120 
 276 
 324 
 276 
 388 
 308 
 284 
 288 
 272 
 240 
 260 
 364 
 400 
 268 
 276 
 260 
 452 
 280 
 900 
 156 
 248 
 304 
 112 
 344 
 260 
 284 
 212 
 280 
 276 
 296 
 332 
 312 
 268 
 228 
 616 
 268 
 344 
 200 
 280 
 312 
 548 
 296 
 516 
 584 
 484 
 260 
 324 
 272 
 280 
 332 
 292 
 140 
 312 
 956 
 464 
 152 
 268 
 272 
 476 
 276 
 280 
 244 
 420 
 300 
 288 
 276 
 392 
 316 
 260 
 240 
 312 
 1056 
 288 
 148 
 280 
 156 
 192 
 284 
 248 
 276 
 468 
 476 
 284 
 272 
 528 
 312 
 504 
 304 
 1000 
 312 
 452 
 264 
 308 
 244 
 220 
 276 
 264 
 276 
 496 
 272 
 1272 
 404 
 268 
 436 
 972 
 288 
 156 
 308 
 148 
 616 
 324 
 320 
 240 
 276 
 704 
 476 
 220 
 284 
 432 
 228 
 564 
 160 
 316 
 1108 
 488 
 264 
 504 
 284 
 280 
 272 
 392 
 248 
 276 
 264 
 324 
 152 
 520 
 928 
 220 
 376 
 160 
 452 
 300 
 164 
 148 
 260 
 340 
 640 
 644 
 312 
 272 
 324 
 284 
 260 
 284 
 260 
 220 
 156 
 280 
 720 
 276 
 284 
 288 
 272 
 480 
 444 
 276 
 276 
 356 
 576 
 280 
 252 
 268 
 308 
 136 
 280 
 236 
 200 
 308 
 504 
 452 
 240 
 276 
 272 
 1028 
 252 
 996 
 492 
 276 
 264 
 272 
 268 
 304 
 288 
 156 
 276 
 256 
 236 
 412 
 524 
 276 
 264 
 264 
 140 
 256 
 260 
 288 
 268 
 256 
 156 
 260 
 320 
 268 
 508 
 324 
 148 
 628 
 1084 
 268 
 260 
 256 
 428 
 320 
 324 
 592 
 424 
 288 
 420 
 444 
 480 
 480 
 268 
 320 
 292 
 432 
 180 
 280 
 284 
 460 
 320 
 264 
 268 
 288 
 272 
 460 
 284 
 232 
 276 
 264 
 284 
 280 
 264 
 284 
 216 
 264 
 280 
 280 
 276 
 260 
 312 
 300 
 296 
 408 
 276 
 268 
 196 
 168 
 284 
 144 
 232 
 332 
 308 
 468 
 292 
 252 
 220 
 508 
 140 
 140 
 268 
 224 
 464 
 456 
 224 
 280 
 904 
 368 
 256 
 184 
 304 
 1016 
 272 
 272 
 320 
 272 
 264 
 280 
 280 
 280 
 272 
 284 
 296 
 664 
 272 
 292 
 268 
 272 
 596 
 304 
 268 
 260 
 392 
 260 
 356 
 292 
 440 
 496 
 372 
 280 
 300 
 444 
 244 
 328 
 164 
 276 
 236 
 456 
 232 
 272 
 496 
 196 
 276 
 308 
 504 
 392 
 276 
 260 
 628 
 344 
 184 
 280 
 276 
 156 
 280 
 400 
 480 
 492 
 164 
 272 
 328 
 508 
 284 
 640 
 240 
 312 
 264 
 208 
 268 
 464 
 324 
 312 
 940 
 256 
 500 
 276 
 276 
 288 
 280 
 548 
 464 
 276 
 600 
 416 
 532 
 276 
 316 
 444 
 280 
 272 
 280 
 264 
 308 
 448 
 272 
 304 
 420 
 272 
 460 
 248 
 292 
 308 
 480 
 312 
 276 
 268 
 260 
 148 
 284 
 392 
 296 
 320 
 272 
 328 
 360 
 272 
 304 
 264 
 412 
 268 
 80 
 344 
 276 
 280 
 264 
 312 
 316 
 444 
 296 
 284 
 460 
 260 
 624 
 1072 
 276 
 236 
 404 
 160 
 360 
 288 
 360 
 296 
 236 
 460 
 348 
 296 
 464 
 276 
 284 
 288 
 312 
 392 
 264 
 304 
 316 
 280 
 476 
 268 
 296 
 252 
 420 
 1096 
 280 
 272 
 276 
 324 
 236 
 140 
 464 
 324 
 268 
 276 
 300 
 272 
 264 
 140 
 268 
 260 
 272 
 412 
 276 
 308 
 568 
 284 
 300 
 176 
 156 
 284 
 316 
 684 
 312 
 272 
 132 
 232 
 196 
 300 
 328 
 244 
 436 
 552 
 280 
 248 
 288 
 268 
 148 
 320 
 488 
 300 
 316 
 528 
 320 
 408 
 508 
 356 
 424 
 276 
 232 
 292 
 280 
 980 
 156 
 272 
 252 
 256 
 284 
 120 
 656 
 256 
 272 
 540 
 140 
 240 
 260 
 276 
 252 
 324 
 288 
 360 
 316 
 284 
 592 
 524 
 252 
 572 
 224 
 376 
 504 
 300 
 280 
 232 
 276 
 288 
 544 
 488 
 464 
 300 
 252 
 264 
 252 
 240 
 328 
 468 
 280 
 236 
 172 
 252 
 580 
 320 
 280 
 304 
 264 
 324 
 216 
 500 
 356 
 272 
 268 
 288 
 296 
 260 
 280 
 420 
 276 
 452 
 128 
 308 
 308 
 312 
 288 
 508 
 268 
 424 
 1016 
 248 
 964 
 144 
 292 
 276 
 280 
 256 
 288 
 464 
 284 
 592 
 236 
 260 
 260 
 468 
 248 
 500 
 272 
 232 
 276 
 296 
 340 
 276 
 272 
 280 
 280 
 224 
 156 
 272 
 280 
 592 
 316 
 260 
 292 
 220 
 284 
 616 
 268 
 188 
 220 
 276 
 352 
 284 
 316 
 284 
 276 
 268 
 264 
 252 
 436 
 244 
 156 
 280 
 292 
 292 
 260 
 1120 
 288 
 460 
 304 
 272 
 276 
 288 
 464 
 264 
 244 
 316 
 252 
 432 
 236 
 548 
 272 
 228 
 292 
 508 
 128 
 472 
 284 
 268 
 420 
 228 
 276 
 460 
 284 
 156 
 288 
 504 
 464 
 268 
 520 
 164 
 264 
 276 
 480 
 408 
 272 
 952 
 288 
 884 
 536 
 264 
 240 
 208 
 288 
 360 
 272 
 92 
 432 
 420 
 240 
 476 
 672 
 264 
 256 
 268 
 272 
 264 
 244 
 288 
 272 
 260 
 260 
 280 
 276 
 260 
 316 
 284 
 280 
 148 
 236 
 240 
 260 
 156 
 272 
 448 
 360 
 292 
 280 
 276 
 172 
 264 
 268 
 144 
 268 
 316 
 280 
 556 
 284 
 480 
 688 
 252 
 344 
 592 
 340 
 220 
 312 
 280 
 524 
 304 
 328 
 156 
 316 
 280 
 144 
 284 
 276 
 276 
 320 
 308 
 300 
 244 
 336 
 252 
 512 
 328 
 464 
 672 
 284 
 284 
 428 
 456 
 296 
 144 
 412 
 504 
 256 
 296 
 288 
 292 
 140 
 412 
 284 
 412 
 268 
 280 
 280 
 276 
 268 
 268 
 280 
 264 
 320 
 272 
 276 
 300 
 444 
 448 
 292 
 288 
 280 
 436 
 220 
 264 
 368 
 460 
 308 
 280 
 456 
 104 
 292 
 288 
 520 
 300 
 284 
 280 
 280 
 312 
 1064 
 288 
 400 
 292 
 488 
 556 
 276 
 284 
 496 
 272 
 160 
 276 
 236 
 512 
 516 
 432 
 624 
 140 
 280 
 288 
 456 
 304 
 268 
 300 
 412 
 280 
 136 
 244 
 536 
 548 
 268 
 464 
 572 
 1116 
 288 
 116 
 320 
 180 
 400 
 280 
 320 
 464 
 268 
 284 
 260 
 268 
 340 
 280 
 308 
 276 
 260 
 192 
 284 
 284 
 444 
 276 
 412 
 276 
 296 
 432 
 476 
 292 
 240 
 464 
 848 
 272 
 296 
 268 
 600 
 412 
 356 
 244 
 340 
 456 
 420 
 260 
 320 
 492 
 220 
 172 
 316 
 296 
 220 
 292 
 256 
 312 
 404 
 236 
 264 
 276 
 328 
 644 
 332 
 336 
 416 
 276 
 284 
 268 
 308 
 452 
 236 
 308 
 192 
 272 
 272 
 284 
 316 
 276 
 300 
 260 
 304 
 468 
 668 
 184 
 276 
 320 
 252 
 244 
 232 
 452 
 568 
 188 
 472 
 280 
 260 
 256 
 336 
 492 
 280 
 308 
 344 
 256 
 272 
 544 
 404 
 336 
 264 
 268 
 276 
 272 
 448 
 252 
 280 
 248 
 564 
 312 
 248 
 308 
 260 
 308 
 256 
 224 
 312 
 276 
 304 
 164 
 232 
 308 
 288 
 572 
 268 
 412 
 272 
 288 
 244 
 364 
 264 
 976 
 292 
 124 
 560 
 428 
 572 
 192 
 536 
 272 
 452 
 1012 
 112 
 280 
 272 
 276 
 188 
 256 
 244 
 268 
 320 
 352 
 276 
 304 
 272 
 580 
 356 
 556 
 432 
 296 
 284 
 1328 
 352 
 340 
 300 
 292 
 296 
 320 
 484 
 292 
 308 
 292 
 328 
 292 
 292 
 156 
 280 
 276 
 212 
 468 
 280 
 276 
 456 
 452 
 224 
 264 
 420 
 268 
 528 
 136 
 300 
 276 
 272 
 548 
 360 
 288 
 292 
 148 
 312 
 316 
 312 
 296 
 324 
 272 
 272 
 280 
 292 
 264 
 332 
 296 
 444 
 288 
 280 
 264 
 272 
 136 
 280 
 288 
 452 
 272 
 324 
 288 
 252 
 292 
 548 
 268 
 496 
 260 
 272 
 256 
 148 
 304 
 228 
 312 
 420 
 168 
 280 
 288 
 276 
 300 
 288 
 424 
 264 
 460 
 264 
 404 
 284 
 284 
 480 
 844 
 464 
 268 
 256 
 276 
 220 
 284 
 272 
 260 
 252 
 464 
 280 
 260 
 264 
 292 
 256 
 272 
 284 
 300 
 472 
 1048 
 112 
 276 
 272 
 280 
 272 
 160 
 272 
 264 
 660 
 536 
 1220 
 500 
 504 
 304 
 272 
 300 
 272 
 268 
 448 
 444 
 116 
 268 
 424 
 296 
 272 
 324 
 108 
 428 
 264 
 244 
 324 
 284 
 524 
 288 
 300 
 588 
 276 
 276 
 552 
 324 
 264 
 288 
 260 
 160 
 276 
 436 
 252 
 508 
 276 
 440 
 280 
 304 
 252 
 188 
 572 
 272 
 296 
 524 
 228 
 316 
 316 
 352 
 280 
 260 
 272 
 420 
 284 
 304 
 228 
 272 
 268 
 272 
 320 
 276 
 276 
 292 
 264 
 264 
 444 
 416 
 412 
 276 
 468 
 304 
 292 
 264 
 148 
 716 
 260 
 272 
 552 
 140 
 492 
 200 
 676 
 268 
 284 
 280 
 236 
 176 
 280 
 296 
 288 
 308 
 252 
 260 
 248 
 460 
 304 
 248 
 240 
 264 
 340 
 272 
 260 
 256 
 256 
 268 
 268 
 244 
 188 
 236 
 432 
 124 
 460 
 324 
 468 
 296 
 448 
 452 
 540 
 472 
 212 
 1152 
 264 
 564 
 268 
 288 
 244 
 276 
 312 
 264 
 152 
 320 
 284 
 244 
 216 
 260 
 272 
 280 
 668 
 272 
 480 
 244 
 88 
 544 
 480 
 264 
 504 
 276 
 288 
 260 
 252 
 276 
 244 
 284 
 256 
 336 
 272 
 264 
 468 
 440 
 296 
 468 
 260 
 260 
 528 
 276 
 544 
 148 
 280 
 368 
 312 
 264 
 296 
 256 
 472 
 468 
 160 
 232 
 308 
 260 
 280 
 456 
 276 
 272 
 268 
 188 
 316 
 468 
 268 
 284 
 316 
 360 
 292 
 264 
 260 
 452 
 144 
 200 
 268 
 212 
 460 
 268 
 260 
 240 
 308 
 260 
 496 
 264 
 264 
 268 
 288 
 268 
 292 
 288 
 292 
 332 
 524 
 276 
 280 
 284 
 228 
 244 
 276 
 276 
 280 
 240 
 272 
 316 
 192 
 168 
 452 
 232 
 236 
 276 
 288 
 260 
 328 
 276 
 268 
 296 
 284 
 160 
 288 
 300 
 144 
 296 
 264 
 284 
 1016 
 260 
 324 
 300 
 468 
 260 
 272 
 472 
 448 
 304 
 188 
 272 
 260 
 280 
 300 
 536 
 276 
 276 
 276 
 280 
 216 
 276 
 480 
 264 
 276 
 184 
 228 
 276 
 300 
 400 
 156 
 272 
 300 
 216 
 272 
 280 
 272 
 276 
 276 
 376 
 184 
 420 
 264 
 460 
 308 
 508 
 156 
 464 
 244 
 344 
 292 
 288 
 264 
 188 
 276 
 280 
 288 
 284 
 276 
 272 
 500 
 272 
 248 
 288 
 160 
 532 
 268 
 272 
 224 
 264 
 360 
 508 
 240 
 296 
 280 
 536 
 548 
 260 
 564 
 272 
 532 
 264 
 156 
 272 
 608 
 272 
 316 
 300 
 1332 
 244 
 160 
 280 
 272 
 164 
 316 
 504 
 284 
 260 
 320 
 508 
 296 
 272 
 244 
 280 
 312 
 432 
 304 
 344 
 256 
 552 
 872 
 300 
 312 
 584 
 228 
 224 
 308 
 248 
 220 
 468 
 420 
 268 
 268 
 324 
 268 
 320 
 516 
 268 
 284 
 432 
 324 
 392 
 124 
 280 
 236 
 400 
 272 
 284 
 284 
 260 
 472 
 424 
 588 
 284 
 288 
 120 
 600 
 304 
 596 
 484 
 276 
 456 
 288 
 268 
 304 
 268 
 124 
 280 
 272 
 312 
 256 
 292 
 284 
 288 
 1200 
 268 
 272 
 216 
 264 
 508 
 280 
 272 
 268 
 272 
 308 
 296 
 272 
 340 
 180 
 188 
 276 
 288 
 228 
 264 
 228 
 264 
 248 
 464 
 240 
 248 
 148 
 312 
 284 
 156 
 260 
 584 
 304 
 268 
 268 
 276 
 828 
 276 
 256 
 292 
 304 
 524 
 292 
 428 
 300 
 344 
 152 
 484 
 448 
 272 
 268 
 272 
 324 
 244 
 240 
 252 
 452 
 272 
 292 
 316 
 292 
 268 
 240 
 148 
 164 
 244 
 264 
 280 
 192 
 500 
 464 
 280 
 324 
 268 
 260 
 468 
 272 
 312 
 140 
 104 
 224 
 144 
 452 
 560 
 280 
 296 
 316 
 316 
 292 
 452 
 944 
 192 
 280 
 296 
 580 
 268 
 268 
 308 
 472 
 272 
 264 
 292 
 244 
 144 
 268 
 424 
 740 
 268 
 508 
 268 
 512 
 284 
 240 
 280 
 260 
 588 
 252 
 316 
 328 
 276 
 492 
 264 
 556 
 280 
 508 
 296 
 556 
 264 
 244 
 472 
 264 
 156 
 428 
 1084 
 292 
 268 
 548 
 272 
 276 
 148 
 276 
 356 
 420 
 508 
 320 
 276 
 152 
 284 
 276 
 132 
 248 
 192 
 272 
 192 
 280 
 116 
 272 
 296 
 208 
 468 
 140 
 544 
 460 
 292 
 156 
 268 
 268 
 336 
 228 
 184 
 448 
 408 
 288 
 276 
 276 
 412 
 584 
 284 
 176 
 404 
 276 
 312 
 240 
 292 
 272 
 284 
 436 
 508 
 296 
 144 
 284 
 304 
 268 
 312 
 244 
 452 
 152 
 264 
 268 
 260 
 252 
 228 
 276 
 288 
 520 
 420 
 308 
 276 
 292 
 232 
 328 
 220 
 308 
 300 
 296 
 232 
 268 
 272 
 284 
 308 
 148 
 260 
 512 
 272 
 272 
 296 
 288 
 248 
 96 
 264 
 280 
 244 
 328 
 224 
 248 
 328 
 464 
 416 
 456 
 240 
 328 
 304 
 260 
 240 
 312 
 280 
 272 
 168 
 232 
 288 
 180 
 252 
 256 
 148 
 304 
 628 
 464 
 272 
 284 
 324 
 352 
 244 
 292 
 408 
 264 
 264 
 260 
 184 
 268 
 284 
 252 
 512 
 276 
 260 
 548 
 324 
 192 
 316 
 124 
 240 
 328 
 620 
 260 
 284 
 552 
 272 
 288 
 276 
 276 
 312 
 464 
 364 
 284 
 296 
 264 
 412 
 296 
 504 
 572 
 324 
 448 
 216 
 272 
 216 
 276 
 156 
 276 
 584 
 272 
 232 
 288 
 248 
 288 
 408 
 464 
 328 
 476 
 216 
 284 
 308 
 464 
 160 
 324 
 236 
 160 
 232 
 152 
 256 
 424 
 132 
 284 
 184 
 280 
 520 
 508 
 276 
 412 
 304 
 412 
 268 
 304 
 268 
 192 
 452 
 480 
 500 
 424 
 272 
 256 
 172 
 540 
 220 
 284 
 444 
 284 
 436 
 236 
 452 
 236 
 216 
 272 
 576 
 272 
 288 
 268 
 272 
 944 
 524 
 304 
 156 
 156 
 288 
 248 
 292 
 188 
 448 
 572 
 304 
 532 
 520 
 272 
 140 
 276 
 272 
 320 
 292 
 280 
 580 
 232 
 236 
 284 
 332 
 232 
 276 
 164 
 396 
 236 
 264 
 616 
 356 
 272 
 776 
 316 
 268 
 556 
 272 
 264 
 268 
 272 
 284 
 304 
 256 
 300 
 136 
 276 
 244 
 1008 
 328 
 404 
 316 
 248 
 272 
 312 
 468 
 156 
 464 
 268 
 308 
 444 
 272 
 260 
 316 
 460 
 272 
 312 
 252 
 284 
 244 
 472 
 276 
 272 
 260 
 256 
 284 
 292 
 280 
 464 
 296 
 248 
 268 
 288 
 252 
 848 
 324 
 276 
 272 
 220 
 528 
 276 
 256 
 272 
 312 
 248 
 260 
 468 
 244 
 440 
 564 
 272 
 164 
 304 
 264 
 256 
 264 
 244 
 480 
 596 
 248 
 276 
 356 
 988 
 280 
 200 
 480 
 268 
 264 
 124 
 268 
 116 
 264 
 276 
 292 
 220 
 420 
 304 
 276 
 268 
 208 
 136 
 468 
 256 
 240 
 276 
 252 
 452 
 280 
 324 
 420 
 356 
 516 
 136 
 512 
 304 
 576 
 284 
 472 
 468 
 344 
 236 
 448 
 276 
 224 
 300 
 260 
 144 
 268 
 552 
 584 
 484 
 300 
 232 
 160 
 284 
 156 
 340 
 536 
 496 
 228 
 544 
 280 
 616 
 332 
 276 
 272 
 328 
 300 
 176 
 272 
 180 
 264 
 284 
 264 
 280 
 96 
 304 
 256 
 244 
 272 
 216 
 244 
 460 
 352 
 228 
 500 
 332 
 272 
 180 
 640 
 264 
 304 
 444 
 396 
 268 
 580 
 280 
 448 
 460 
 296 
 276 
 284 
 260 
 256 
 108 
 536 
 308 
 260 
 300 
 164 
 284 
 288 
 492 
 276 
 308 
 288 
 268 
 116 
 476 
 268 
 152 
 316 
 240 
 540 
 272 
 272 
 272 
 304 
 72 
 204 
 572 
 292 
 520 
 276 
 324 
 284 
 156 
 260 
 152 
 440 
 272 
 260 
 156 
 280 
 116 
 272 
 260 
 116 
 548 
 544 
 144 
 288 
 360 
 256 
 268 
 160 
 276 
 248 
 224 
 508 
 264 
 284 
 704 
 308 
 580 
 296 
 264 
 276 
 520 
 612 
 212 
 632 
 220 
 296 
 284 
 264 
 224 
 280 
 408 
 260 
 436 
 288 
 236 
 256 
 268 
 492 
 488 
 232 
 268 
 312 
 276 
 332 
 548 
 528 
 276 
 312 
 256 
 228 
 248 
 452 
 176 
 284 
 276 
 260 
 272 
 300 
 608 
 200 
 320 
 376 
 320 
 272 
 260 
 260 
 256 
 276 
 276 
 780 
 640 
 424 
 136 
 260 
 212 
 120 
 356 
 468 
 188 
 484 
 152 
 428 
 280 
 312 
 284 
 148 
 292 
 404 
 280 
 280 
 476 
 140 
 292 
 460 
 272 
 236 
 176 
 496 
 240 
 256 
 244 
 296 
 236 
 288 
 132 
 440 
 288 
 280 
 276 
 144 
 176 
 972 
 260 
 260 
 444 
 228 
 228 
 256 
 264 
 316 
 280 
 80 
 508 
 224 
 496 
 284 
 264 
 268 
 252 
 284 
 232 
 244 
 416 
 268 
 236 
 276 
 460 
 340 
 260 
 272 
 336 
 144 
 560 
 456 
 276 
 280 
 320 
 164 
 392 
 280 
 272 
 220 
 256 
 416 
 360 
 500 
 476 
 292 
 96 
 420 
 260 
 428 
 464 
 292 
 256 
 496 
 276 
 280 
 220 
 252 
 336 
 276 
 248 
 228 
 232 
 548 
 980 
 272 
 268 
 272 
 268 
 312 
 280 
 288 
 244 
 516 
 256 
 260 
 452 
 260 
 112 
 268 
 272 
 224 
 544 
 292 
 236 
 188 
 136 
 64 
 264 
 464 
 268 
 520 
 156 
 328 
 132 
 312 
 220 
 272 
 464 
 284 
 316 
 272 
 280 
 248 
 172 
 276 
 264 
 280 
 280 
 236 
 472 
 372 
 536 
 508 
 272 
 712 
 232 
 112 
 152 
 340 
 676 
 300 
 324 
 612 
 228 
 152 
 312 
 232 
 304 
 512 
 260 
 680 
 440 
 560 
 444 
 156 
 268 
 312 
 280 
 308 
 260 
 256 
 272 
 268 
 248 
 432 
 264 
 268 
 272 
 488 
 164 
 216 
 216 
 192 
 256 
 528 
 264 
 324 
 332 
 268 
 272 
 252 
 580 
 308 
 268 
 360 
 364 
 460 
 268 
 308 
 292 
 380 
 448 
 236 
 276 
 512 
 488 
 260 
 256 
 184 
 304 
 252 
 272 
 284 
 308 
 220 
 464 
 292 
 280 
 296 
 256 
 496 
 456 
 452 
 572 
 136 
 280 
 452 
 264 
 468 
 216 
 260 
 276 
 268 
 532 
 496 
 460 
 692 
 520 
 296 
 260 
 324 
 264 
 348 
 232 
 160 
 288 
 304 
 140 
 264 
 376 
 604 
 260 
 276 
 276 
 244 
 464 
 316 
 464 
 500 
 268 
 460 
 436 
 292 
 300 
 276 
 224 
 452 
 864 
 292 
 444 
 264 
 288 
 488 
 584 
 236 
 304 
 292 
 416 
 476 
 572 
 300 
 408 
 272 
 284 
 296 
 424 
 308 
 448 
 260 
 276 
 260 
 260 
 580 
 256 
 188 
 268 
 464 
 276 
 260 
 276 
 644 
 192 
 564 
 324 
 440 
 408 
 464 
 324 
 184 
 308 
 536 
 476 
 312 
 104 
 268 
 444 
 252 
 232 
 160 
 288 
 296 
 288 
 256 
 284 
 320 
 300 
 232 
 264 
 460 
 296 
 444 
 244 
 456 
 320 
 984 
 248 
 444 
 160 
 280 
 272 
 272 
 500 
 224 
 488 
 616 
 276 
 556 
 156 
 268 
 268 
 492 
 256 
 232 
 444 
 232 
 264 
 204 
 264 
 436 
 732 
 216 
 264 
 260 
 264 
 308 
 272 
 284 
 312 
 288 
 592 
 264 
 284 
 268 
 140 
 264 
 516 
 272 
 272 
 272 
 356 
 440 
 536 
 260 
 312 
 260 
 280 
 112 
 296 
 156 
 264 
 252 
 360 
 244 
 460 
 220 
 296 
 176 
 228 
 272 
 452 
 280 
 260 
 304 
 252 
 472 
 320 
 268 
 308 
 276 
 280 
 592 
 172 
 588 
 280 
 280 
 260 
 276 
 296 
 240 
 460 
 252 
 444 
 624 
 260 
 268 
 592 
 276 
 260 
 424 
 280 
 564 
 336 
 728 
 288 
 472 
 256 
 488 
 304 
 464 
 248 
 276 
 332 
 84 
 252 
 252 
 284 
 264 
 256 
 236 
 356 
 260 
 268 
 264 
 468 
 556 
 164 
 272 
 508 
 408 
 172 
 224 
 252 
 248 
 416 
 272 
 256 
 244 
 284 
 332 
 524 
 744 
 264 
 256 
 836 
 268 
 328 
 636 
 612 
 296 
 288 
 632 
 280 
 544 
 284 
 280 
 292 
 160 
 244 
 576 
 288 
 268 
 264 
 440 
 532 
 108 
 176 
 276 
 228 
 472 
 596 
 104 
 496 
 236 
 268 
 252 
 248 
 460 
 264 
 256 
 264 
 544 
 256 
 240 
 100 
 240 
 264 
 268 
 432 
 552 
 244 
 232 
 292 
 436 
 276 
 148 
 260 
 260 
 680 
 180 
 328 
 248 
 504 
 116 
 268 
 272 
 240 
 312 
 304 
 268 
 228 
 256 
 260 
 152 
 596 
 144 
 500 
 260 
 416 
 268 
 320 
 376 
 356 
 276 
 456 
 268 
 124 
 400 
 264 
 444 
 528 
 684 
 548 
 288 
 188 
 248 
 280 
 452 
 288 
 484 
 276 
 292 
 204 
 276 
 256 
 296 
 160 
 256 
 272 
 324 
 268 
 440 
 296 
 284 
 144 
 256 
 416 
 236 
 240 
 304 
 268 
 348 
 268 
 204 
 260 
 272 
 308 
 260 
 276 
 264 
 272 
 284 
 300 
 240 
 256 
 268 
 212 
 284 
 240 
 540 
 548 
 272 
 304 
 224 
 244 
 328 
 304 
 288 
 260 
 516 
 260 
 224 
 272 
 104 
 168 
 268 
 268 
 276 
 248 
 280 
 268 
 356 
 296 
 256 
 364 
 256 
 316 
 244 
 176 
 284 
 260 
 280 
 288 
 148 
 252 
 256 
 408 
 240 
 276 
 276 
 536 
 172 
 428 
 248 
 292 
 224 
 236 
 260 
 264 
 272 
 440 
 268 
 232 
 536 
 156 
 480 
 456 
 296 
 276 
 136 
 280 
 248 
 236 
 272 
 100 
 272 
 348 
 272 
 416 
 268 
 304 
 276 
 444 
 312 
 488 
 268 
 248 
 200 
 300 
 252 
 264 
 264 
 440 
 284 
 192 
 256 
 368 
 268 
 484 
 288 
 272 
 228 
 184 
 288 
 268 
 256 
 540 
 488 
 236 
 456 
 252 
 156 
 264 
 308 
 276 
 440 
 180 
 272 
 240 
 376 
 516 
 428 
 240 
 432 
 280 
 568 
 156 
 540 
 276 
 464 
 268 
 244 
 252 
 260 
 240 
 264 
 276 
 284 
 308 
 192 
 80 
 176 
 376 
 472 
 224 
 268 
 224 
 528 
 252 
 156 
 532 
 120 
 216 
 152 
 284 
 320 
 244 
 288 
 256 
 416 
 284 
 168 
 444 
 240 
 464 
 272 
 152 
 456 
 248 
 312 
 464 
 320 
 356 
 256 
 540 
 276 
 432 
 280 
 412 
 456 
 184 
 268 
 268 
 268 
 280 
 540 
 464 
 268 
 888 
 272 
 164 
 144 
 288 
 540 
 272 
 268 
 220 
 280 
 268 
 252 
 164 
 220 
 316 
 172 
 272 
 308 
 348 
 264 
 232 
 264 
 280 
 268 
 288 
 272 
 220 
 308 
 300 
 260 
 216 
 324 
 292 
 420 
 276 
 256 
 260 
 348 
 296 
 776 
 440 
 256 
 264 
 404 
 464 
